;Edad;Renta;AntiguedadCuenta_Meses;RegistraAdicioles;DispEfectivo;CompraAnual_201806_201905;NroTransaccionesAnual_201806_201905;CompraMensualMaxima_201806_201905;;Sexoreco;FlagRefinciadoreco;EstadoCivilreco;NivelSocioEconomicoreco;Departamentoreco;RatioSalexIto;Vecesmora0;RatioSalLinea2
Edad;100.00%;9.47%;39.17%;5.61%;3.61%;2.99%;-2.01%;4.19%;;0.91%;-1.67%;47.10%;-16.83%;1.32%;0.27%;-8.61%;-12.76%
Renta;9.47%;100.00%;25.95%;5.14%;-5.07%;18.96%;8.53%;20.73%;;-10.28%;-3.39%;12.30%;-28.07%;1.36%;0.39%;-6.58%;-14.22%
AntiguedadCuenta_Meses;39.17%;25.95%;100.00%;-0.97%;5.16%;17.45%;7.76%;16.98%;;7.95%;-2.42%;33.72%;-51.42%;13.15%;1.14%;-6.22%;-17.39%
RegistraAdicioles;5.61%;5.14%;-0.97%;100.00%;-1.15%;11.72%;17.34%;6.58%;;-13.01%;-0.87%;7.89%;-3.58%;-4.17%;0.45%;-1.24%;2.83%
DispEfectivo;3.61%;-5.07%;5.16%;-1.15%;100.00%;-3.96%;6.82%;-8.00%;;2.06%;4.32%;1.80%;1.63%;4.14%;-0.39%;5.38%;22.92%
CompraAnual_201806_201905;2.99%;18.96%;17.45%;11.72%;-3.96%;100.00%;61.79%;78.89%;;-1.29%;-5.04%;6.34%;-17.61%;0.55%;-0.21%;-9.41%;11.87%
NroTransaccionesAnual_201806_201905;-2.01%;8.53%;7.76%;17.34%;6.82%;61.79%;100.00%;30.81%;;0.03%;-2.17%;1.60%;-8.61%;1.34%;-0.43%;-6.16%;15.17%
CompraMensualMaxima_201806_201905;4.19%;20.73%;16.98%;6.58%;-8.00%;78.89%;30.81%;100.00%;;-2.32%;-5.42%;6.99%;-16.81%;-1.06%;0.00%;-9.51%;11.99%
Sexoreco;0.91%;-10.28%;7.95%;-13.01%;2.06%;-1.29%;0.03%;-2.32%;;100.00%;0.46%;-3.58%;-2.68%;2.23%;-0.86%;0.88%;-0.32%
FlagRefinciadoreco;-1.67%;-3.39%;-2.42%;-0.87%;4.32%;-5.04%;-2.17%;-5.42%;;0.46%;100.00%;-2.03%;1.70%;2.58%;-0.54%;16.38%;11.90%
EstadoCivilreco;47.10%;12.30%;33.72%;7.89%;1.80%;6.34%;1.60%;6.99%;;-3.58%;-2.03%;100.00%;-16.01%;5.09%;0.33%;-5.02%;-8.90%
NivelSocioEconomicoreco;-16.83%;-28.07%;-51.42%;-3.58%;1.63%;-17.61%;-8.61%;-16.81%;;-2.68%;1.70%;-16.01%;100.00%;-44.85%;-0.34%;7.68%;17.88%
Departamentoreco;1.32%;1.36%;13.15%;-4.17%;4.14%;0.55%;1.34%;-1.06%;;2.23%;2.58%;5.09%;-44.85%;100.00%;-1.13%;2.19%;1.46%
RatioSalexIto;0.27%;0.39%;1.14%;0.45%;-0.39%;-0.21%;-0.43%;0.00%;;-0.86%;-0.54%;0.33%;-0.34%;-1.13%;100.00%;-0.59%;-4.67%
Vecesmora0;-8.61%;-6.58%;-6.22%;-1.24%;5.38%;-9.41%;-6.16%;-9.51%;;0.88%;16.38%;-5.02%;7.68%;2.19%;-0.59%;100.00%;12.80%
RatioSalLinea2;-12.76%;-14.22%;-17.39%;2.83%;22.92%;11.87%;15.17%;11.99%;;-0.32%;11.90%;-8.90%;17.88%;1.46%;-4.67%;12.80%;100.00%
